intrinsic: [615.3299560546875, 0.0, 311.2901306152344, 0.0, 615.330078125, 245.8651580810547, 0.0, 0.0, 1.0]
extrinsic: [8.769679090530869969e-03, -7.817666473981161879e-01, 5.954138242465809583e-01, 2.634632728278181180e-01, -1.001765457739243192e+00, 4.618074262954146962e-03, 1.699242837300131426e-02, 8.735221058796916599e-03, -3.529821358994052302e-04, -6.198687832319789148e-01, -7.771492059731871516e-01, 2.001533181210003176e-01, 0.000000000000000000e+00, 0.000000000000000000e+00, 0.000000000000000000e+00, 1.000000000000000000e+00]
